0.0 0.0
-0.0008 0.0042
-0.0013 0.0085
-0.0015 0.0128
-0.0015 0.017
-0.0013 0.0213
-0.0007 0.0256
0.0001 0.03
0.0012 0.0343
0.0025 0.0386
0.0041 0.0429
0.006 0.0473
0.0082 0.0516
0.0106 0.0559
0.0133 0.0602
0.0163 0.0645
0.0195 0.0688
0.023 0.0731
0.0268 0.0774
0.0308 0.0816
0.0352 0.0858
0.0398 0.09
0.0446 0.0941
0.0498 0.0982
0.0552 0.1022
0.0608 0.1062
0.0668 0.1102
0.073 0.1141
0.0795 0.1179
0.0862 0.1216
0.0932 0.1253
0.1005 0.1289
0.108 0.1324
0.1158 0.1359
0.1238 0.1392
0.1321 0.1424
0.1407 0.1456
0.1495 0.1486
0.1585 0.1516
0.1678 0.1544
0.1773 0.1571
0.1871 0.1597
0.1971 0.1621
0.2073 0.1644
0.2178 0.1666
0.2285 0.1687
0.2394 0.1706
0.2505 0.1723
0.2618 0.174
0.2734 0.1754
0.2851 0.1767
0.297 0.1779
0.3092 0.1789
0.3215 0.1798
0.334 0.1804
0.3467 0.181
0.3596 0.1813
0.3726 0.1815
0.3858 0.1815
0.3991 0.1813
0.4126 0.181
0.4263 0.1805
0.4401 0.1798
0.454 0.179
0.4681 0.1779
0.4823 0.1767
0.4966 0.1753
0.5111 0.1738
0.5256 0.1721
0.5402 0.1701
0.555 0.168
0.5698 0.1658
0.5849 0.1633
0.6004 0.1606
0.6159 0.1577
0.6315 0.1545
0.6471 0.1511
0.6628 0.1473
0.6784 0.1434
0.6941 0.1392
0.7098 0.1347
0.7255 0.1299
0.7412 0.1249
0.7569 0.1197
0.7725 0.1142
0.7882 0.1084
0.8038 0.1024
0.8193 0.0961
0.8348 0.0896
0.8503 0.0828
0.8657 0.0758
0.881 0.0685
0.8962 0.0609
0.9114 0.0532
0.9265 0.0451
0.9415 0.0368
0.9564 0.0283
0.9711 0.0195
0.9858 0.0105
1.0004 0.0012
0.0 0.0
0.001 -0.0042
0.0023 -0.0083
0.0038 -0.0123
0.0056 -0.0162
0.0075 -0.02
0.0098 -0.0237
0.0122 -0.0273
0.0149 -0.0309
0.0178 -0.0343
0.021 -0.0376
0.0244 -0.0408
0.028 -0.044
0.0318 -0.047
0.0358 -0.0499
0.0401 -0.0528
0.0446 -0.0555
0.0493 -0.0581
0.0542 -0.0606
0.0594 -0.063
0.0647 -0.0654
0.0702 -0.0676
0.076 -0.0696
0.0819 -0.0716
0.0881 -0.0735
0.0944 -0.0752
0.101 -0.0769
0.1077 -0.0784
0.1147 -0.0798
0.1218 -0.0811
0.1291 -0.0823
0.1366 -0.0834
0.1443 -0.0844
0.1521 -0.0852
0.1602 -0.0859
0.1684 -0.0865
0.1768 -0.087
0.1854 -0.0874
0.1941 -0.0876
0.203 -0.0878
0.2121 -0.0878
0.2214 -0.0877
0.2308 -0.0875
0.2404 -0.0872
0.2501 -0.0868
0.26 -0.0862
0.2701 -0.0856
0.2803 -0.0848
0.2907 -0.084
0.3012 -0.083
0.3119 -0.082
0.3228 -0.0808
0.3338 -0.0795
0.345 -0.0782
0.3563 -0.0768
0.3677 -0.0752
0.3793 -0.0736
0.3911 -0.072
0.403 -0.0702
0.415 -0.0684
0.4272 -0.0664
0.4396 -0.0645
0.4521 -0.0624
0.4647 -0.0603
0.4774 -0.0582
0.4903 -0.056
0.5034 -0.0537
0.5166 -0.0514
0.5299 -0.0491
0.5433 -0.0467
0.5569 -0.0443
0.5706 -0.0418
0.5843 -0.0393
0.5977 -0.0369
0.6114 -0.0345
0.6252 -0.0322
0.6391 -0.0299
0.6532 -0.0276
0.6674 -0.0255
0.6818 -0.0234
0.6963 -0.0213
0.711 -0.0194
0.7258 -0.0175
0.7408 -0.0157
0.7559 -0.014
0.7712 -0.0124
0.7866 -0.0109
0.8022 -0.0095
0.8179 -0.0083
0.8337 -0.0071
0.8497 -0.006
0.8658 -0.005
0.8821 -0.0041
0.8985 -0.0034
0.915 -0.0027
0.9317 -0.0022
0.9485 -0.0018
0.9654 -0.0015
0.9825 -0.0013
0.9996 -0.0012
