0.0 0.0
-0.0007 0.0043
-0.0012 0.0085
-0.0014 0.0128
-0.0013 0.0171
-0.001 0.0214
-0.0004 0.0256
0.0005 0.0299
0.0016 0.0343
0.003 0.0386
0.0047 0.0429
0.0066 0.0472
0.0088 0.0515
0.0112 0.0558
0.014 0.06
0.017 0.0643
0.0203 0.0685
0.0238 0.0728
0.0276 0.077
0.0317 0.0812
0.036 0.0853
0.0407 0.0894
0.0455 0.0935
0.0507 0.0975
0.0561 0.1015
0.0618 0.1054
0.0678 0.1093
0.074 0.1131
0.0805 0.1169
0.0872 0.1206
0.0942 0.1242
0.1015 0.1277
0.109 0.1311
0.1168 0.1345
0.1248 0.1378
0.1331 0.1409
0.1416 0.144
0.1504 0.147
0.1594 0.1498
0.1687 0.1526
0.1782 0.1552
0.1879 0.1577
0.1979 0.1601
0.2081 0.1623
0.2185 0.1644
0.2291 0.1664
0.24 0.1683
0.2511 0.17
0.2623 0.1716
0.2738 0.173
0.2855 0.1742
0.2974 0.1754
0.3095 0.1763
0.3218 0.1771
0.3342 0.1778
0.3468 0.1783
0.3597 0.1786
0.3726 0.1788
0.3858 0.1788
0.3991 0.1786
0.4125 0.1783
0.4261 0.1778
0.4399 0.1772
0.4538 0.1763
0.4678 0.1753
0.4819 0.1742
0.4962 0.1728
0.5106 0.1713
0.5251 0.1697
0.5397 0.1678
0.5544 0.1658
0.5692 0.1636
0.5841 0.1613
0.599 0.1588
0.6146 0.1561
0.6303 0.1531
0.646 0.1498
0.6618 0.1463
0.6776 0.1425
0.6933 0.1384
0.7091 0.1341
0.7249 0.1295
0.7407 0.1246
0.7564 0.1195
0.7721 0.114
0.7878 0.1084
0.8035 0.1024
0.8191 0.0962
0.8347 0.0897
0.8502 0.083
0.8656 0.076
0.8809 0.0687
0.8962 0.0612
0.9114 0.0534
0.9265 0.0454
0.9415 0.037
0.9564 0.0285
0.9712 0.0197
0.9858 0.0106
1.0004 0.0012
0.0 0.0
0.001 -0.0042
0.0022 -0.0083
0.0036 -0.0123
0.0053 -0.0163
0.0073 -0.0201
0.0094 -0.0238
0.0118 -0.0275
0.0145 -0.0311
0.0174 -0.0345
0.0205 -0.0379
0.0238 -0.0412
0.0274 -0.0443
0.0312 -0.0474
0.0352 -0.0504
0.0394 -0.0533
0.0438 -0.0561
0.0485 -0.0587
0.0534 -0.0613
0.0585 -0.0638
0.0638 -0.0662
0.0693 -0.0684
0.0751 -0.0706
0.081 -0.0726
0.0871 -0.0746
0.0935 -0.0764
0.1 -0.0781
0.1067 -0.0797
0.1137 -0.0812
0.1208 -0.0826
0.1281 -0.0838
0.1356 -0.0849
0.1433 -0.086
0.1512 -0.0869
0.1592 -0.0877
0.1675 -0.0883
0.1759 -0.0889
0.1845 -0.0893
0.1932 -0.0896
0.2022 -0.0898
0.2113 -0.0899
0.2206 -0.0899
0.23 -0.0897
0.2396 -0.0895
0.2494 -0.0891
0.2594 -0.0886
0.2695 -0.088
0.2798 -0.0873
0.2902 -0.0865
0.3008 -0.0856
0.3115 -0.0845
0.3224 -0.0834
0.3335 -0.0822
0.3447 -0.0809
0.3561 -0.0794
0.3676 -0.0779
0.3792 -0.0763
0.3911 -0.0747
0.403 -0.0729
0.4151 -0.071
0.4274 -0.0691
0.4398 -0.0671
0.4523 -0.0651
0.465 -0.0629
0.4778 -0.0607
0.4907 -0.0585
0.5038 -0.0562
0.517 -0.0538
0.5304 -0.0514
0.5439 -0.049
0.5575 -0.0465
0.5712 -0.0439
0.5851 -0.0414
0.5991 -0.0388
0.6127 -0.0362
0.6264 -0.0337
0.6402 -0.0312
0.6542 -0.0288
0.6683 -0.0265
0.6826 -0.0242
0.697 -0.022
0.7116 -0.02
0.7264 -0.018
0.7413 -0.0161
0.7563 -0.0143
0.7715 -0.0126
0.7869 -0.011
0.8024 -0.0095
0.818 -0.0082
0.8338 -0.0069
0.8498 -0.0058
0.8659 -0.0048
0.8821 -0.0039
0.8985 -0.0031
0.915 -0.0025
0.9316 -0.002
0.9484 -0.0016
0.9654 -0.0014
0.9824 -0.0012
0.9996 -0.0012
