0.0 0.0
-0.0007 0.0032
-0.0011 0.0065
-0.0012 0.0098
-0.0011 0.0132
-0.0008 0.0166
-0.0001 0.02
0.0008 0.0234
0.002 0.0269
0.0034 0.0303
0.0051 0.0338
0.0071 0.0374
0.0094 0.0409
0.0119 0.0445
0.0147 0.048
0.0178 0.0516
0.0211 0.0552
0.0247 0.0588
0.0286 0.0624
0.0328 0.066
0.0373 0.0695
0.042 0.0731
0.047 0.0766
0.0523 0.0802
0.0578 0.0836
0.0636 0.0871
0.0697 0.0905
0.0761 0.0939
0.0827 0.0972
0.0896 0.1005
0.0968 0.1037
0.1042 0.1068
0.1119 0.1099
0.1198 0.1129
0.1281 0.1158
0.1365 0.1186
0.1453 0.1213
0.1542 0.1239
0.1634 0.1265
0.1729 0.1289
0.1826 0.1312
0.1926 0.1333
0.2028 0.1354
0.2132 0.1373
0.2238 0.1391
0.2347 0.1407
0.2458 0.1422
0.2571 0.1435
0.2686 0.1447
0.2803 0.1458
0.2922 0.1466
0.3043 0.1473
0.3166 0.1478
0.3291 0.1481
0.3417 0.1483
0.3546 0.1483
0.3676 0.1481
0.3807 0.1476
0.3941 0.147
0.4073 0.1463
0.4205 0.1453
0.4338 0.1443
0.4473 0.143
0.4609 0.1417
0.4746 0.1402
0.4885 0.1386
0.5024 0.1368
0.5165 0.1349
0.5307 0.1329
0.5451 0.1307
0.5595 0.1284
0.574 0.1259
0.5886 0.1233
0.6033 0.1206
0.618 0.1177
0.6329 0.1147
0.6478 0.1115
0.6628 0.1083
0.6779 0.1048
0.693 0.1013
0.7082 0.0976
0.7234 0.0938
0.7386 0.0898
0.754 0.0857
0.7693 0.0815
0.7847 0.0771
0.8001 0.0726
0.8155 0.068
0.8309 0.0633
0.8464 0.0584
0.8618 0.0533
0.8773 0.0482
0.8927 0.0429
0.9082 0.0375
0.9236 0.0319
0.939 0.0262
0.9544 0.0204
0.9697 0.0144
0.9851 0.0083
1.0003 0.0021
0.0 0.0
0.0009 -0.0032
0.0021 -0.0063
0.0035 -0.0093
0.0052 -0.0122
0.0071 -0.015
0.0092 -0.0177
0.0115 -0.0203
0.0141 -0.0229
0.017 -0.0253
0.02 -0.0277
0.0233 -0.0299
0.0268 -0.0321
0.0305 -0.0342
0.0344 -0.0361
0.0386 -0.038
0.043 -0.0398
0.0476 -0.0415
0.0524 -0.0432
0.0574 -0.0447
0.0626 -0.0461
0.068 -0.0475
0.0736 -0.0488
0.0794 -0.0499
0.0855 -0.051
0.0917 -0.052
0.0981 -0.053
0.1047 -0.0538
0.1114 -0.0545
0.1184 -0.0552
0.1256 -0.0558
0.1329 -0.0563
0.1404 -0.0567
0.1481 -0.0571
0.156 -0.0574
0.164 -0.0576
0.1722 -0.0577
0.1806 -0.0577
0.1892 -0.0577
0.1979 -0.0576
0.2068 -0.0575
0.2159 -0.0573
0.2251 -0.057
0.2345 -0.0567
0.2441 -0.0563
0.2538 -0.0559
0.2637 -0.0554
0.2738 -0.0549
0.284 -0.0543
0.2943 -0.0537
0.3049 -0.053
0.3155 -0.0524
0.3264 -0.0517
0.3374 -0.0509
0.3485 -0.0502
0.3599 -0.0494
0.3713 -0.0486
0.383 -0.0479
0.3947 -0.0471
0.4069 -0.0463
0.4194 -0.0454
0.4321 -0.0446
0.4449 -0.0436
0.4578 -0.0427
0.4709 -0.0417
0.4842 -0.0406
0.4976 -0.0396
0.5111 -0.0385
0.5247 -0.0374
0.5385 -0.0363
0.5524 -0.0351
0.5664 -0.0339
0.5806 -0.0328
0.5949 -0.0316
0.6093 -0.0304
0.6238 -0.0292
0.6384 -0.028
0.6531 -0.0267
0.668 -0.0255
0.6829 -0.0243
0.698 -0.0231
0.7132 -0.0219
0.7284 -0.0207
0.7438 -0.0195
0.7592 -0.0183
0.7747 -0.0172
0.7903 -0.016
0.806 -0.0149
0.8218 -0.0138
0.8376 -0.0126
0.8536 -0.0115
0.8696 -0.0104
0.8856 -0.0094
0.9017 -0.0083
0.9179 -0.0072
0.9342 -0.0062
0.9505 -0.0051
0.9668 -0.0041
0.9832 -0.0031
0.9997 -0.0021
