0.0 0.0
-0.0029 0.0034
-0.0056 0.007
-0.0079 0.0108
-0.01 0.0148
-0.0117 0.019
-0.0132 0.0235
-0.0144 0.0281
-0.0152 0.033
-0.0157 0.0381
-0.0159 0.0433
-0.0158 0.0488
-0.0153 0.0545
-0.0146 0.0603
-0.0134 0.0663
-0.0119 0.0725
-0.0101 0.0789
-0.0079 0.0854
-0.0054 0.0921
-0.0025 0.0989
0.0008 0.1058
0.0045 0.1129
0.0086 0.12
0.013 0.1272
0.0179 0.1345
0.0231 0.1419
0.0288 0.1493
0.0349 0.1567
0.0414 0.1641
0.0484 0.1715
0.0557 0.1789
0.0636 0.1862
0.0719 0.1934
0.0806 0.2005
0.0898 0.2074
0.0994 0.2142
0.1096 0.2209
0.1202 0.2273
0.1312 0.2334
0.1428 0.2393
0.1548 0.2448
0.1672 0.25
0.1801 0.2548
0.1935 0.2592
0.2073 0.2631
0.2215 0.2666
0.2361 0.2695
0.251 0.2718
0.2663 0.2736
0.282 0.2746
0.2979 0.2751
0.3107 0.275
0.3231 0.2747
0.3358 0.2742
0.3486 0.2735
0.3616 0.2725
0.3747 0.2714
0.388 0.27
0.4014 0.2683
0.415 0.2665
0.4288 0.2644
0.4426 0.2621
0.4566 0.2595
0.4706 0.2567
0.4848 0.2537
0.4991 0.2504
0.5135 0.247
0.528 0.2432
0.5426 0.2392
0.5572 0.235
0.5719 0.2306
0.5867 0.2259
0.6015 0.221
0.6164 0.2158
0.6313 0.2105
0.6463 0.2048
0.6613 0.199
0.6763 0.1929
0.6913 0.1866
0.7064 0.18
0.7214 0.1733
0.7365 0.1663
0.7515 0.159
0.7666 0.1516
0.7816 0.1439
0.7966 0.136
0.8116 0.1279
0.8265 0.1195
0.8414 0.1109
0.8563 0.1022
0.8711 0.0932
0.8858 0.0839
0.9005 0.0745
0.9151 0.0649
0.9296 0.055
0.9441 0.0449
0.9585 0.0346
0.9727 0.0241
0.9869 0.0134
1.001 0.0025
0.0 0.0
0.0032 -0.0032
0.0066 -0.006
0.0102 -0.0087
0.014 -0.0111
0.018 -0.0132
0.0223 -0.0151
0.0267 -0.0168
0.0313 -0.0182
0.0361 -0.0194
0.041 -0.0204
0.0462 -0.0212
0.0515 -0.0217
0.0569 -0.0221
0.0626 -0.0223
0.0683 -0.0224
0.0742 -0.0223
0.0802 -0.022
0.0864 -0.0216
0.0927 -0.021
0.099 -0.0204
0.1055 -0.0196
0.1121 -0.0188
0.1187 -0.0178
0.1254 -0.0168
0.1322 -0.0157
0.139 -0.0146
0.1458 -0.0134
0.1527 -0.0122
0.1597 -0.011
0.1666 -0.0098
0.1735 -0.0086
0.1804 -0.0074
0.1874 -0.0062
0.1942 -0.0051
0.2011 -0.004
0.2079 -0.0029
0.2147 -0.0019
0.2214 -0.001
0.2281 -0.0001
0.2347 0.0007
0.2413 0.0015
0.2478 0.0021
0.2542 0.0027
0.2607 0.0033
0.267 0.0038
0.2734 0.0041
0.2798 0.0045
0.2862 0.0047
0.2926 0.0049
0.2991 0.0049
0.3092 0.0049
0.3198 0.005
0.3307 0.0052
0.3417 0.0054
0.3528 0.0056
0.3642 0.0059
0.3757 0.0062
0.3873 0.0066
0.3992 0.007
0.4111 0.0074
0.4233 0.0078
0.4356 0.0083
0.4481 0.0088
0.4607 0.0092
0.4735 0.0097
0.4865 0.0102
0.4996 0.0107
0.5129 0.0111
0.5263 0.0116
0.5399 0.012
0.5537 0.0124
0.5676 0.0127
0.5817 0.013
0.596 0.0133
0.6104 0.0136
0.625 0.0137
0.6397 0.0139
0.6545 0.0139
0.6696 0.0139
0.6847 0.0139
0.7 0.0138
0.7155 0.0136
0.7311 0.0133
0.7469 0.013
0.7628 0.0125
0.7788 0.012
0.795 0.0114
0.8113 0.0107
0.8277 0.01
0.8443 0.0091
0.861 0.0082
0.8778 0.0071
0.8948 0.006
0.9119 0.0048
0.929 0.0035
0.9464 0.0021
0.9638 0.0007
0.9813 -0.0009
0.999 -0.0025
