0.0 0.0
-0.0008 0.0041
-0.0014 0.0082
-0.0017 0.0123
-0.0017 0.0164
-0.0014 0.0205
-0.0009 0.0247
-0.0002 0.0289
0.0009 0.0331
0.0022 0.0373
0.0038 0.0415
0.0056 0.0457
0.0077 0.0499
0.0101 0.0541
0.0128 0.0584
0.0157 0.0626
0.0189 0.0668
0.0224 0.071
0.0261 0.0752
0.0301 0.0794
0.0344 0.0836
0.039 0.0877
0.0438 0.0918
0.049 0.0959
0.0543 0.0999
0.06 0.1039
0.0659 0.1078
0.0721 0.1117
0.0785 0.1156
0.0853 0.1193
0.0922 0.1231
0.0995 0.1267
0.107 0.1303
0.1148 0.1337
0.1228 0.1371
0.1311 0.1405
0.1396 0.1437
0.1484 0.1468
0.1574 0.1498
0.1667 0.1527
0.1762 0.1555
0.186 0.1582
0.196 0.1608
0.2062 0.1632
0.2166 0.1655
0.2273 0.1677
0.2382 0.1698
0.2493 0.1717
0.2607 0.1734
0.2722 0.175
0.284 0.1765
0.2959 0.1778
0.308 0.179
0.3204 0.18
0.3329 0.1809
0.3456 0.1816
0.3585 0.1821
0.3715 0.1825
0.3847 0.1827
0.3981 0.1827
0.4116 0.1826
0.4253 0.1823
0.4391 0.1818
0.4531 0.1811
0.4672 0.1803
0.4814 0.1793
0.4957 0.1781
0.5102 0.1768
0.5247 0.1753
0.5394 0.1736
0.5542 0.1717
0.569 0.1696
0.584 0.1674
0.599 0.165
0.6148 0.1623
0.6306 0.1594
0.6464 0.1562
0.6622 0.1527
0.6781 0.1489
0.694 0.1447
0.7098 0.1403
0.7257 0.1356
0.7415 0.1306
0.7573 0.1253
0.7731 0.1197
0.7888 0.1138
0.8045 0.1077
0.8201 0.1012
0.8356 0.0944
0.8511 0.0874
0.8665 0.08
0.8818 0.0724
0.897 0.0645
0.9121 0.0563
0.9271 0.0478
0.942 0.039
0.9568 0.03
0.9715 0.0206
0.986 0.011
1.0004 0.0012
0.0 0.0
0.0011 -0.004
0.0024 -0.0079
0.0039 -0.0117
0.0057 -0.0154
0.0077 -0.0191
0.01 -0.0226
0.0125 -0.026
0.0152 -0.0293
0.0182 -0.0325
0.0214 -0.0357
0.0248 -0.0387
0.0284 -0.0416
0.0323 -0.0444
0.0364 -0.0471
0.0407 -0.0498
0.0452 -0.0523
0.0499 -0.0547
0.0549 -0.057
0.06 -0.0592
0.0654 -0.0612
0.071 -0.0632
0.0768 -0.0651
0.0828 -0.0668
0.0889 -0.0685
0.0953 -0.07
0.1019 -0.0714
0.1086 -0.0727
0.1156 -0.0739
0.1228 -0.075
0.1301 -0.076
0.1376 -0.0768
0.1453 -0.0776
0.1532 -0.0782
0.1612 -0.0787
0.1695 -0.0791
0.1779 -0.0794
0.1865 -0.0796
0.1952 -0.0796
0.2041 -0.0796
0.2132 -0.0794
0.2225 -0.0791
0.2319 -0.0787
0.2415 -0.0782
0.2513 -0.0776
0.2612 -0.0769
0.2712 -0.0761
0.2815 -0.0752
0.2919 -0.0742
0.3024 -0.0731
0.3131 -0.0719
0.3239 -0.0706
0.3349 -0.0692
0.3461 -0.0677
0.3574 -0.0661
0.3688 -0.0645
0.3804 -0.0628
0.3922 -0.061
0.4041 -0.0591
0.4161 -0.0572
0.4283 -0.0552
0.4406 -0.0531
0.453 -0.051
0.4656 -0.0488
0.4784 -0.0466
0.4913 -0.0443
0.5043 -0.042
0.5174 -0.0397
0.5307 -0.0373
0.5441 -0.0349
0.5577 -0.0324
0.5714 -0.03
0.5852 -0.0275
0.5991 -0.025
0.6126 -0.0225
0.6261 -0.0201
0.6398 -0.0178
0.6537 -0.0156
0.6678 -0.0135
0.682 -0.0115
0.6963 -0.0096
0.7108 -0.0079
0.7255 -0.0062
0.7404 -0.0047
0.7554 -0.0033
0.7706 -0.0021
0.7859 -0.001
0.8014 -0.0
0.8171 0.0008
0.8329 0.0014
0.8489 0.0019
0.865 0.0022
0.8813 0.0024
0.8978 0.0024
0.9144 0.0022
0.9311 0.0019
0.948 0.0014
0.9651 0.0007
0.9822 -0.0002
0.9996 -0.0012
