0.0 0.0
-0.0004 0.0035
-0.0006 0.0069
-0.0006 0.0104
-0.0002 0.0139
0.0004 0.0174
0.0012 0.0209
0.0023 0.0244
0.0037 0.0279
0.0053 0.0314
0.0072 0.0349
0.0094 0.0384
0.0118 0.0419
0.0145 0.0454
0.0174 0.0489
0.0206 0.0523
0.0241 0.0558
0.0278 0.0592
0.0318 0.0627
0.036 0.0661
0.0405 0.0695
0.0453 0.0728
0.0503 0.0761
0.0556 0.0794
0.0611 0.0827
0.0669 0.0859
0.073 0.089
0.0793 0.0921
0.0859 0.0952
0.0927 0.0982
0.0997 0.1011
0.107 0.104
0.1146 0.1068
0.1224 0.1096
0.1304 0.1122
0.1387 0.1148
0.1472 0.1173
0.1559 0.1197
0.1649 0.1221
0.1741 0.1243
0.1836 0.1264
0.1932 0.1285
0.2031 0.1304
0.2132 0.1323
0.2235 0.134
0.2341 0.1356
0.2448 0.1372
0.2557 0.1386
0.2669 0.1398
0.2782 0.141
0.2898 0.142
0.3015 0.143
0.3134 0.1438
0.3255 0.1444
0.3378 0.145
0.3502 0.1454
0.3628 0.1457
0.3756 0.1458
0.3886 0.1458
0.4017 0.1457
0.4149 0.1455
0.4283 0.1451
0.4419 0.1446
0.4556 0.1439
0.4694 0.1431
0.4834 0.1422
0.4974 0.1411
0.5116 0.1399
0.5259 0.1386
0.5404 0.1371
0.5549 0.1355
0.5695 0.1337
0.5842 0.1318
0.599 0.1298
0.6143 0.1276
0.6297 0.1252
0.6451 0.1225
0.6605 0.1197
0.676 0.1166
0.6916 0.1133
0.7071 0.1098
0.7227 0.106
0.7383 0.1021
0.754 0.0979
0.7696 0.0935
0.7852 0.0889
0.8008 0.084
0.8164 0.079
0.832 0.0737
0.8475 0.0682
0.863 0.0625
0.8785 0.0565
0.8939 0.0503
0.9093 0.044
0.9247 0.0373
0.9399 0.0305
0.9551 0.0235
0.9702 0.0162
0.9853 0.0087
1.0003 0.001
0.0 0.0
0.0007 -0.0034
0.0016 -0.0068
0.0028 -0.01
0.0043 -0.0132
0.0059 -0.0163
0.0079 -0.0194
0.01 -0.0223
0.0124 -0.0252
0.015 -0.028
0.0179 -0.0307
0.021 -0.0334
0.0244 -0.0359
0.0279 -0.0384
0.0317 -0.0408
0.0358 -0.0432
0.04 -0.0454
0.0445 -0.0476
0.0492 -0.0496
0.0542 -0.0516
0.0593 -0.0535
0.0647 -0.0553
0.0703 -0.057
0.0761 -0.0587
0.0821 -0.0602
0.0883 -0.0617
0.0948 -0.063
0.1014 -0.0643
0.1083 -0.0654
0.1154 -0.0665
0.1226 -0.0675
0.1301 -0.0684
0.1377 -0.0692
0.1456 -0.0699
0.1536 -0.0705
0.1619 -0.071
0.1703 -0.0714
0.1789 -0.0717
0.1877 -0.0719
0.1967 -0.072
0.2059 -0.0721
0.2153 -0.072
0.2248 -0.0718
0.2345 -0.0716
0.2444 -0.0712
0.2545 -0.0708
0.2647 -0.0703
0.2751 -0.0697
0.2857 -0.069
0.2964 -0.0682
0.3073 -0.0673
0.3184 -0.0663
0.3296 -0.0653
0.341 -0.0642
0.3525 -0.063
0.3642 -0.0618
0.376 -0.0604
0.388 -0.059
0.4002 -0.0576
0.4125 -0.0561
0.4249 -0.0545
0.4375 -0.0528
0.4503 -0.0511
0.4631 -0.0494
0.4761 -0.0476
0.4893 -0.0458
0.5026 -0.0439
0.516 -0.042
0.5295 -0.04
0.5432 -0.038
0.557 -0.036
0.5709 -0.034
0.5849 -0.0319
0.5991 -0.0298
0.613 -0.0277
0.627 -0.0257
0.6411 -0.0237
0.6554 -0.0218
0.6698 -0.0199
0.6844 -0.0181
0.699 -0.0164
0.7138 -0.0148
0.7287 -0.0132
0.7438 -0.0118
0.7589 -0.0104
0.7742 -0.0091
0.7896 -0.0079
0.8051 -0.0067
0.8207 -0.0057
0.8365 -0.0048
0.8523 -0.004
0.8683 -0.0032
0.8844 -0.0026
0.9006 -0.0021
0.9168 -0.0016
0.9332 -0.0013
0.9497 -0.0011
0.9663 -0.001
0.983 -0.0009
0.9997 -0.001
