0.0 0.0
-0.0011 0.0031
-0.0019 0.0063
-0.0025 0.0096
-0.0028 0.0129
-0.0029 0.0164
-0.0026 0.0198
-0.0021 0.0234
-0.0013 0.027
-0.0002 0.0307
0.0011 0.0345
0.0028 0.0383
0.0047 0.0421
0.0069 0.046
0.0094 0.05
0.0121 0.054
0.0152 0.0581
0.0186 0.0622
0.0222 0.0663
0.0261 0.0705
0.0304 0.0746
0.0349 0.0788
0.0397 0.083
0.0448 0.0872
0.0502 0.0914
0.0559 0.0956
0.0618 0.0998
0.0681 0.1039
0.0747 0.108
0.0815 0.1121
0.0887 0.1161
0.0961 0.1201
0.1038 0.124
0.1118 0.1279
0.1201 0.1316
0.1287 0.1353
0.1375 0.1389
0.1466 0.1424
0.156 0.1458
0.1657 0.149
0.1756 0.1521
0.1858 0.1551
0.1962 0.1579
0.2069 0.1606
0.2179 0.1631
0.229 0.1655
0.2405 0.1676
0.2521 0.1696
0.264 0.1714
0.2761 0.173
0.2884 0.1744
0.3009 0.1755
0.3137 0.1765
0.3266 0.1772
0.3397 0.1776
0.353 0.1779
0.3664 0.1778
0.3801 0.1776
0.3938 0.177
0.4074 0.1762
0.4208 0.1752
0.4343 0.1741
0.448 0.1728
0.4618 0.1713
0.4757 0.1697
0.4898 0.1678
0.5039 0.1658
0.5182 0.1636
0.5325 0.1613
0.547 0.1588
0.5616 0.1561
0.5762 0.1532
0.591 0.1501
0.6058 0.1469
0.6206 0.1435
0.6356 0.1399
0.6506 0.1361
0.6657 0.1322
0.6808 0.128
0.6959 0.1237
0.7111 0.1193
0.7263 0.1146
0.7416 0.1098
0.7569 0.1048
0.7722 0.0996
0.7875 0.0942
0.8028 0.0887
0.8181 0.083
0.8335 0.0771
0.8488 0.0711
0.8641 0.0648
0.8793 0.0584
0.8946 0.0519
0.9098 0.0451
0.925 0.0382
0.9402 0.0311
0.9553 0.0238
0.9703 0.0164
0.9853 0.0088
1.0003 0.001
0.0 0.0
0.0014 -0.003
0.003 -0.0059
0.0048 -0.0087
0.0068 -0.0113
0.0091 -0.0139
0.0117 -0.0162
0.0144 -0.0185
0.0174 -0.0207
0.0206 -0.0227
0.024 -0.0246
0.0276 -0.0263
0.0315 -0.028
0.0355 -0.0295
0.0398 -0.031
0.0442 -0.0323
0.0489 -0.0335
0.0538 -0.0346
0.0588 -0.0355
0.0641 -0.0364
0.0695 -0.0372
0.0751 -0.0378
0.0809 -0.0384
0.0869 -0.0389
0.0931 -0.0392
0.0994 -0.0395
0.1059 -0.0397
0.1126 -0.0398
0.1195 -0.0398
0.1265 -0.0397
0.1337 -0.0396
0.141 -0.0393
0.1485 -0.039
0.1561 -0.0386
0.1639 -0.0382
0.1719 -0.0377
0.18 -0.0371
0.1882 -0.0365
0.1966 -0.0358
0.2052 -0.035
0.2139 -0.0343
0.2227 -0.0334
0.2317 -0.0325
0.2408 -0.0316
0.25 -0.0307
0.2595 -0.0297
0.269 -0.0287
0.2787 -0.0277
0.2885 -0.0267
0.2985 -0.0257
0.3086 -0.0247
0.3189 -0.0236
0.3293 -0.0226
0.3399 -0.0216
0.3506 -0.0206
0.3614 -0.0197
0.3725 -0.0188
0.3836 -0.0179
0.3949 -0.017
0.4068 -0.0162
0.4191 -0.0154
0.4316 -0.0146
0.4442 -0.0137
0.4569 -0.0129
0.4698 -0.012
0.4829 -0.0111
0.4961 -0.0103
0.5094 -0.0094
0.5229 -0.0085
0.5365 -0.0077
0.5503 -0.0069
0.5642 -0.0061
0.5782 -0.0053
0.5924 -0.0045
0.6067 -0.0038
0.6211 -0.0031
0.6356 -0.0024
0.6503 -0.0017
0.6651 -0.0012
0.68 -0.0006
0.695 -0.0001
0.7102 0.0004
0.7254 0.0008
0.7408 0.0011
0.7563 0.0014
0.7719 0.0017
0.7876 0.0019
0.8034 0.002
0.8192 0.0021
0.8352 0.0021
0.8513 0.0021
0.8675 0.002
0.8837 0.0018
0.9001 0.0016
0.9165 0.0013
0.933 0.001
0.9496 0.0006
0.9662 0.0001
0.9829 -0.0004
0.9997 -0.001
