0.0 0.0
0.0007 0.0032
0.0016 0.0064
0.0028 0.0095
0.0042 0.0125
0.0059 0.0155
0.0078 0.0184
0.0099 0.0212
0.0123 0.0239
0.0149 0.0265
0.0178 0.0291
0.0209 0.0316
0.0242 0.034
0.0277 0.0363
0.0315 0.0386
0.0355 0.0408
0.0397 0.0429
0.0442 0.0449
0.0488 0.0468
0.0537 0.0487
0.0588 0.0505
0.0642 0.0522
0.0697 0.0538
0.0754 0.0553
0.0814 0.0568
0.0876 0.0581
0.0939 0.0594
0.1005 0.0606
0.1073 0.0617
0.1142 0.0628
0.1214 0.0637
0.1288 0.0646
0.1364 0.0654
0.1441 0.0661
0.1521 0.0667
0.1602 0.0673
0.1685 0.0677
0.177 0.0681
0.1857 0.0684
0.1946 0.0686
0.2036 0.0688
0.2129 0.0689
0.2223 0.0689
0.2319 0.0688
0.2416 0.0686
0.2516 0.0684
0.2617 0.0681
0.272 0.0678
0.2824 0.0674
0.293 0.0669
0.3038 0.0664
0.3147 0.0658
0.3258 0.0651
0.3371 0.0644
0.3485 0.0637
0.3601 0.0629
0.3718 0.0621
0.3837 0.0612
0.3958 0.0603
0.408 0.0593
0.4203 0.0584
0.4329 0.0574
0.4457 0.0563
0.4587 0.0552
0.4719 0.0541
0.4852 0.0529
0.4986 0.0517
0.5121 0.0504
0.5258 0.0491
0.5397 0.0478
0.5536 0.0464
0.5677 0.045
0.5818 0.0436
0.5961 0.0422
0.6106 0.0407
0.6251 0.0392
0.6397 0.0377
0.6545 0.0362
0.6693 0.0347
0.6843 0.0332
0.6993 0.0316
0.7145 0.03
0.7297 0.0285
0.7451 0.0269
0.7605 0.0253
0.776 0.0237
0.7915 0.0221
0.8072 0.0205
0.8229 0.0189
0.8387 0.0173
0.8546 0.0157
0.8705 0.0141
0.8865 0.0125
0.9025 0.0109
0.9186 0.0092
0.9348 0.0076
0.951 0.006
0.9673 0.0043
0.9835 0.0027
0.9999 0.001
0.0 -0.0
-0.0004 -0.0033
-0.0006 -0.0066
-0.0005 -0.0099
-0.0002 -0.0132
0.0004 -0.0166
0.0013 -0.0199
0.0024 -0.0233
0.0038 -0.0266
0.0054 -0.03
0.0073 -0.0333
0.0095 -0.0367
0.012 -0.0401
0.0147 -0.0434
0.0176 -0.0468
0.0209 -0.0501
0.0244 -0.0535
0.0281 -0.0568
0.0322 -0.0601
0.0365 -0.0634
0.041 -0.0667
0.0458 -0.0699
0.0509 -0.0731
0.0563 -0.0762
0.0619 -0.0794
0.0677 -0.0824
0.0739 -0.0855
0.0802 -0.0885
0.0869 -0.0914
0.0938 -0.0942
0.1009 -0.097
0.1083 -0.0998
0.1159 -0.1024
0.1238 -0.105
0.132 -0.1075
0.1404 -0.1099
0.149 -0.1123
0.1578 -0.1145
0.1669 -0.1167
0.1763 -0.1187
0.1858 -0.1206
0.1956 -0.1225
0.2056 -0.1242
0.2158 -0.1258
0.2263 -0.1272
0.2369 -0.1286
0.2478 -0.1298
0.2589 -0.1309
0.2701 -0.1319
0.2816 -0.1327
0.2933 -0.1334
0.3051 -0.134
0.3172 -0.1344
0.3294 -0.1347
0.3418 -0.1348
0.3543 -0.1348
0.3671 -0.1346
0.38 -0.1343
0.393 -0.1338
0.4062 -0.1331
0.4196 -0.1323
0.433 -0.1314
0.4464 -0.1303
0.46 -0.129
0.4737 -0.1277
0.4875 -0.1262
0.5014 -0.1246
0.5155 -0.1228
0.5296 -0.121
0.5439 -0.119
0.5583 -0.1168
0.5728 -0.1146
0.5873 -0.1122
0.602 -0.1097
0.6167 -0.107
0.6316 -0.1043
0.6465 -0.1014
0.6615 -0.0984
0.6765 -0.0953
0.6916 -0.092
0.7068 -0.0886
0.722 -0.0851
0.7373 -0.0815
0.7527 -0.0777
0.768 -0.0739
0.7834 -0.0699
0.7988 -0.0657
0.8143 -0.0615
0.8298 -0.0571
0.8453 -0.0527
0.8608 -0.0481
0.8763 -0.0433
0.8918 -0.0385
0.9073 -0.0335
0.9229 -0.0284
0.9384 -0.0232
0.9538 -0.0178
0.9693 -0.0123
0.9847 -0.0067
1.0001 -0.001
