0.0 0.0
-0.0012 0.0022
-0.002 0.0045
-0.0027 0.007
-0.003 0.0096
-0.0031 0.0124
-0.0029 0.0152
-0.0024 0.0182
-0.0017 0.0213
-0.0007 0.0246
0.0006 0.0279
0.0022 0.0314
0.0041 0.035
0.0062 0.0387
0.0087 0.0426
0.0114 0.0465
0.0144 0.0505
0.0177 0.0546
0.0212 0.0588
0.0251 0.0631
0.0293 0.0674
0.0337 0.0718
0.0385 0.0763
0.0435 0.0808
0.0488 0.0854
0.0545 0.09
0.0604 0.0946
0.0666 0.0993
0.0731 0.1039
0.0799 0.1086
0.087 0.1132
0.0944 0.1178
0.1021 0.1224
0.11 0.1269
0.1183 0.1314
0.1268 0.1358
0.1356 0.1402
0.1447 0.1445
0.1541 0.1486
0.1638 0.1527
0.1737 0.1566
0.1839 0.1604
0.1944 0.164
0.2052 0.1675
0.2161 0.1708
0.2274 0.174
0.2389 0.1769
0.2506 0.1796
0.2626 0.1821
0.2748 0.1844
0.2872 0.1864
0.2999 0.1882
0.3127 0.1898
0.3258 0.191
0.339 0.192
0.3525 0.1926
0.3661 0.193
0.3798 0.193
0.3938 0.1927
0.4074 0.1922
0.4209 0.1914
0.4345 0.1904
0.4482 0.1892
0.4621 0.1879
0.4761 0.1863
0.4902 0.1846
0.5044 0.1826
0.5187 0.1805
0.5331 0.1781
0.5477 0.1756
0.5623 0.1728
0.577 0.1698
0.5917 0.1667
0.6066 0.1633
0.6215 0.1597
0.6364 0.1559
0.6515 0.1519
0.6665 0.1476
0.6817 0.1432
0.6968 0.1385
0.712 0.1337
0.7272 0.1286
0.7425 0.1233
0.7578 0.1177
0.773 0.112
0.7883 0.1061
0.8036 0.0999
0.8189 0.0935
0.8342 0.087
0.8494 0.0802
0.8647 0.0732
0.8799 0.0659
0.8951 0.0585
0.9103 0.0509
0.9254 0.043
0.9405 0.035
0.9555 0.0267
0.9705 0.0182
0.9854 0.0096
1.0003 0.0007
0.0 0.0
0.0014 -0.0021
0.003 -0.0039
0.0049 -0.0057
0.007 -0.0072
0.0094 -0.0086
0.012 -0.0098
0.0148 -0.0109
0.0178 -0.0118
0.021 -0.0125
0.0245 -0.0131
0.0282 -0.0135
0.0321 -0.0138
0.0362 -0.014
0.0405 -0.014
0.045 -0.0138
0.0497 -0.0136
0.0547 -0.0132
0.0598 -0.0126
0.0651 -0.012
0.0706 -0.0112
0.0763 -0.0104
0.0821 -0.0094
0.0882 -0.0083
0.0944 -0.0071
0.1008 -0.0059
0.1074 -0.0045
0.1141 -0.0031
0.121 -0.0016
0.1281 0.0
0.1353 0.0017
0.1427 0.0034
0.1502 0.0051
0.1579 0.0069
0.1658 0.0087
0.1737 0.0106
0.1819 0.0125
0.1901 0.0144
0.1985 0.0163
0.2071 0.0183
0.2157 0.0202
0.2245 0.0221
0.2335 0.0241
0.2426 0.026
0.2518 0.0278
0.2611 0.0297
0.2706 0.0315
0.2802 0.0332
0.2899 0.0349
0.2998 0.0365
0.3098 0.0381
0.32 0.0396
0.3302 0.041
0.3407 0.0423
0.3512 0.0435
0.362 0.0446
0.3728 0.0456
0.3838 0.0465
0.395 0.0472
0.4068 0.0478
0.419 0.0484
0.4314 0.0489
0.4439 0.0494
0.4566 0.0498
0.4695 0.0502
0.4825 0.0505
0.4956 0.0507
0.5089 0.0509
0.5223 0.051
0.5359 0.051
0.5496 0.051
0.5635 0.0508
0.5774 0.0506
0.5916 0.0503
0.6058 0.0499
0.6202 0.0494
0.6348 0.0487
0.6494 0.048
0.6642 0.0472
0.6791 0.0462
0.6941 0.0451
0.7093 0.0439
0.7246 0.0426
0.7399 0.0411
0.7554 0.0395
0.7711 0.0378
0.7868 0.036
0.8026 0.034
0.8185 0.0319
0.8345 0.0296
0.8507 0.0272
0.8669 0.0247
0.8832 0.022
0.8996 0.0192
0.9161 0.0162
0.9327 0.0131
0.9493 0.0099
0.966 0.0065
0.9828 0.003
0.9997 -0.0007
