0.0 0.0
-0.0013 0.0048
-0.0023 0.0095
-0.0031 0.0143
-0.0035 0.0191
-0.0037 0.0238
-0.0036 0.0286
-0.0032 0.0334
-0.0025 0.0381
-0.0016 0.0429
-0.0003 0.0476
0.0012 0.0524
0.003 0.0571
0.0051 0.0618
0.0075 0.0665
0.0102 0.0712
0.0132 0.0759
0.0164 0.0805
0.02 0.0851
0.0238 0.0897
0.028 0.0942
0.0324 0.0988
0.0371 0.1032
0.0421 0.1077
0.0474 0.112
0.0529 0.1164
0.0588 0.1207
0.0649 0.1249
0.0714 0.129
0.0781 0.1331
0.085 0.1372
0.0923 0.1411
0.0998 0.145
0.1076 0.1487
0.1157 0.1524
0.1241 0.156
0.1327 0.1595
0.1415 0.1629
0.1507 0.1662
0.1601 0.1694
0.1697 0.1725
0.1796 0.1754
0.1897 0.1782
0.2001 0.1809
0.2107 0.1835
0.2216 0.1859
0.2326 0.1882
0.2439 0.1904
0.2555 0.1924
0.2672 0.1942
0.2791 0.1959
0.2913 0.1974
0.3036 0.1988
0.3162 0.2
0.3289 0.2011
0.3418 0.202
0.3549 0.2027
0.3682 0.2032
0.3816 0.2035
0.3952 0.2037
0.409 0.2037
0.4229 0.2035
0.4369 0.2031
0.4511 0.2025
0.4654 0.2018
0.4798 0.2008
0.4944 0.1997
0.5091 0.1983
0.5238 0.1968
0.5387 0.195
0.5537 0.1931
0.5687 0.191
0.5838 0.1887
0.599 0.1861
0.6151 0.1834
0.6312 0.1802
0.6474 0.1767
0.6635 0.1729
0.6796 0.1687
0.6957 0.1641
0.7118 0.1592
0.7278 0.1539
0.7438 0.1483
0.7597 0.1423
0.7755 0.136
0.7913 0.1293
0.807 0.1223
0.8226 0.115
0.8381 0.1073
0.8535 0.0992
0.8688 0.0909
0.8839 0.0822
0.899 0.0732
0.9139 0.0639
0.9287 0.0542
0.9434 0.0443
0.9579 0.034
0.9723 0.0234
0.9865 0.0125
1.0006 0.0014
0.0 0.0
0.0015 -0.0047
0.0033 -0.0092
0.0053 -0.0136
0.0075 -0.0179
0.01 -0.022
0.0126 -0.0259
0.0155 -0.0297
0.0186 -0.0333
0.0219 -0.0368
0.0255 -0.0402
0.0292 -0.0434
0.0331 -0.0464
0.0373 -0.0493
0.0416 -0.0521
0.0462 -0.0547
0.0509 -0.0571
0.0559 -0.0595
0.061 -0.0616
0.0664 -0.0636
0.0719 -0.0655
0.0776 -0.0673
0.0835 -0.0689
0.0896 -0.0703
0.0959 -0.0716
0.1024 -0.0728
0.109 -0.0738
0.1158 -0.0747
0.1228 -0.0755
0.13 -0.0761
0.1373 -0.0766
0.1448 -0.077
0.1525 -0.0772
0.1603 -0.0773
0.1683 -0.0773
0.1765 -0.0772
0.1848 -0.0769
0.1933 -0.0765
0.202 -0.076
0.2108 -0.0753
0.2198 -0.0746
0.2289 -0.0737
0.2382 -0.0728
0.2476 -0.0717
0.2572 -0.0705
0.2669 -0.0692
0.2768 -0.0678
0.2869 -0.0663
0.2971 -0.0648
0.3074 -0.0631
0.3179 -0.0614
0.3286 -0.0595
0.3393 -0.0576
0.3503 -0.0556
0.3614 -0.0536
0.3726 -0.0514
0.384 -0.0492
0.3955 -0.047
0.4071 -0.0447
0.419 -0.0423
0.4309 -0.0399
0.443 -0.0374
0.4552 -0.0349
0.4676 -0.0324
0.4801 -0.0299
0.4928 -0.0273
0.5056 -0.0247
0.5186 -0.022
0.5316 -0.0194
0.5449 -0.0167
0.5582 -0.0141
0.5717 -0.0114
0.5853 -0.0088
0.5991 -0.0061
0.6122 -0.0036
0.6254 -0.0011
0.6389 0.0012
0.6525 0.0034
0.6662 0.0054
0.6802 0.0072
0.6944 0.0089
0.7087 0.0104
0.7233 0.0117
0.738 0.0128
0.7529 0.0137
0.7681 0.0144
0.7834 0.0148
0.7989 0.0151
0.8146 0.0151
0.8305 0.0149
0.8466 0.0144
0.8629 0.0137
0.8793 0.0127
0.896 0.0115
0.9128 0.01
0.9298 0.0083
0.9469 0.0063
0.9643 0.004
0.9817 0.0015
0.9994 -0.0014
