0.0 0.0
-0.0014 0.003
-0.0025 0.0061
-0.0034 0.0093
-0.0039 0.0127
-0.0043 0.0161
-0.0043 0.0196
-0.004 0.0232
-0.0035 0.027
-0.0027 0.0308
-0.0016 0.0347
-0.0002 0.0387
0.0015 0.0428
0.0035 0.047
0.0057 0.0512
0.0083 0.0555
0.0112 0.0599
0.0143 0.0644
0.0178 0.0689
0.0215 0.0735
0.0256 0.0781
0.03 0.0828
0.0346 0.0875
0.0396 0.0922
0.0449 0.0969
0.0504 0.1017
0.0563 0.1064
0.0625 0.1112
0.069 0.1159
0.0758 0.1206
0.0829 0.1253
0.0903 0.1299
0.098 0.1344
0.1061 0.139
0.1144 0.1434
0.123 0.1477
0.1319 0.152
0.1411 0.1561
0.1506 0.1602
0.1604 0.1641
0.1704 0.1678
0.1808 0.1715
0.1914 0.1749
0.2023 0.1782
0.2134 0.1813
0.2248 0.1842
0.2365 0.187
0.2484 0.1895
0.2606 0.1917
0.2729 0.1938
0.2856 0.1956
0.2984 0.1971
0.3114 0.1984
0.3247 0.1994
0.3381 0.2001
0.3518 0.2005
0.3656 0.2007
0.3796 0.2005
0.3937 0.2
0.4075 0.1992
0.421 0.1982
0.4347 0.197
0.4485 0.1956
0.4625 0.1941
0.4766 0.1923
0.4907 0.1903
0.505 0.1881
0.5194 0.1857
0.5339 0.1832
0.5485 0.1804
0.5632 0.1774
0.5779 0.1742
0.5928 0.1708
0.6077 0.1672
0.6226 0.1633
0.6376 0.1593
0.6527 0.1551
0.6678 0.1506
0.683 0.146
0.6982 0.1411
0.7134 0.1361
0.7286 0.1308
0.7439 0.1253
0.7591 0.1196
0.7744 0.1137
0.7897 0.1076
0.8049 0.1013
0.8202 0.0948
0.8354 0.0881
0.8506 0.0812
0.8658 0.0741
0.881 0.0667
0.8961 0.0592
0.9111 0.0515
0.9262 0.0436
0.9411 0.0354
0.956 0.0271
0.9709 0.0186
0.9856 0.0099
1.0003 0.0009
0.0 0.0
0.0016 -0.0029
0.0035 -0.0056
0.0056 -0.0082
0.008 -0.0106
0.0105 -0.0129
0.0133 -0.015
0.0163 -0.0169
0.0196 -0.0188
0.023 -0.0204
0.0267 -0.022
0.0306 -0.0233
0.0346 -0.0246
0.0389 -0.0257
0.0434 -0.0267
0.0481 -0.0275
0.0529 -0.0282
0.058 -0.0288
0.0632 -0.0293
0.0687 -0.0297
0.0743 -0.0299
0.08 -0.03
0.086 -0.03
0.0921 -0.0299
0.0984 -0.0297
0.1049 -0.0295
0.1115 -0.0291
0.1182 -0.0286
0.1251 -0.028
0.1322 -0.0274
0.1394 -0.0267
0.1468 -0.0259
0.1543 -0.025
0.1619 -0.0241
0.1697 -0.0231
0.1776 -0.022
0.1856 -0.0209
0.1938 -0.0198
0.2021 -0.0186
0.2105 -0.0174
0.219 -0.0161
0.2277 -0.0148
0.2365 -0.0135
0.2454 -0.0122
0.2545 -0.0108
0.2637 -0.0095
0.273 -0.0081
0.2824 -0.0068
0.292 -0.0054
0.3017 -0.0041
0.3115 -0.0028
0.3214 -0.0016
0.3315 -0.0003
0.3418 0.0009
0.3521 0.002
0.3627 0.0031
0.3733 0.0041
0.3841 0.0051
0.3951 0.006
0.4067 0.0068
0.4189 0.0076
0.4312 0.0084
0.4436 0.0091
0.4562 0.0099
0.469 0.0107
0.4819 0.0114
0.495 0.0121
0.5082 0.0128
0.5215 0.0135
0.535 0.0141
0.5487 0.0147
0.5625 0.0152
0.5764 0.0157
0.5905 0.0162
0.6047 0.0165
0.619 0.0169
0.6335 0.0171
0.6481 0.0173
0.6629 0.0174
0.6778 0.0174
0.6928 0.0174
0.7079 0.0173
0.7232 0.017
0.7386 0.0167
0.7541 0.0164
0.7697 0.0159
0.7855 0.0153
0.8013 0.0146
0.8173 0.0139
0.8334 0.013
0.8496 0.0121
0.8659 0.011
0.8823 0.0099
0.8988 0.0086
0.9153 0.0073
0.932 0.0058
0.9488 0.0043
0.9657 0.0026
0.9826 0.0009
0.9997 -0.0009
