0.0 0.0
-0.0021 0.0056
-0.0039 0.0112
-0.0054 0.0169
-0.0067 0.0227
-0.0076 0.0285
-0.0083 0.0343
-0.0087 0.0402
-0.0088 0.0461
-0.0085 0.0521
-0.008 0.0581
-0.0072 0.0641
-0.006 0.0702
-0.0046 0.0763
-0.0028 0.0824
-0.0007 0.0886
0.0017 0.0947
0.0045 0.1009
0.0076 0.107
0.011 0.1132
0.0147 0.1194
0.0188 0.1255
0.0232 0.1316
0.0279 0.1377
0.033 0.1437
0.0384 0.1497
0.0442 0.1556
0.0503 0.1614
0.0568 0.1672
0.0636 0.1729
0.0707 0.1784
0.0782 0.1839
0.086 0.1893
0.0941 0.1945
0.1026 0.1996
0.1114 0.2045
0.1205 0.2093
0.13 0.2139
0.1398 0.2184
0.1499 0.2226
0.1603 0.2267
0.171 0.2305
0.1821 0.2341
0.1934 0.2375
0.205 0.2407
0.2169 0.2436
0.2291 0.2462
0.2415 0.2486
0.2542 0.2507
0.2672 0.2525
0.2803 0.254
0.2938 0.2552
0.3074 0.2561
0.3213 0.2567
0.3353 0.257
0.3496 0.2569
0.364 0.2565
0.3786 0.2557
0.3934 0.2546
0.4076 0.2532
0.4215 0.2515
0.4354 0.2496
0.4495 0.2474
0.4637 0.245
0.4781 0.2423
0.4925 0.2394
0.507 0.2363
0.5217 0.2329
0.5364 0.2292
0.5512 0.2254
0.5661 0.2212
0.581 0.2169
0.5961 0.2123
0.6111 0.2074
0.6262 0.2024
0.6414 0.1971
0.6566 0.1915
0.6718 0.1857
0.687 0.1797
0.7023 0.1735
0.7176 0.167
0.7328 0.1603
0.7481 0.1534
0.7633 0.1463
0.7785 0.1389
0.7937 0.1313
0.8089 0.1235
0.8241 0.1154
0.8392 0.1071
0.8542 0.0987
0.8692 0.09
0.8841 0.081
0.899 0.0719
0.9137 0.0625
0.9284 0.0529
0.943 0.0431
0.9576 0.0331
0.972 0.0229
0.9863 0.0124
1.0005 0.0017
0.0 0.0
0.0023 -0.0055
0.0049 -0.0108
0.0077 -0.016
0.0107 -0.0211
0.0139 -0.0259
0.0174 -0.0307
0.021 -0.0353
0.0249 -0.0397
0.0289 -0.044
0.0331 -0.0482
0.0376 -0.0522
0.0422 -0.0561
0.047 -0.0598
0.0519 -0.0634
0.0571 -0.0668
0.0624 -0.0701
0.0678 -0.0733
0.0735 -0.0763
0.0792 -0.0792
0.0852 -0.0819
0.0912 -0.0845
0.0974 -0.087
0.1038 -0.0893
0.1102 -0.0915
0.1168 -0.0936
0.1236 -0.0955
0.1304 -0.0973
0.1374 -0.0989
0.1445 -0.1005
0.1516 -0.1019
0.1589 -0.1031
0.1663 -0.1043
0.1738 -0.1053
0.1815 -0.1061
0.1892 -0.1069
0.197 -0.1075
0.2049 -0.108
0.2129 -0.1084
0.221 -0.1087
0.2292 -0.1088
0.2375 -0.1088
0.2458 -0.1087
0.2543 -0.1085
0.2629 -0.1082
0.2716 -0.1078
0.2804 -0.1073
0.2893 -0.1067
0.2983 -0.106
0.3075 -0.1052
0.3167 -0.1043
0.3261 -0.1033
0.3356 -0.1023
0.3452 -0.1012
0.3549 -0.1
0.3648 -0.0987
0.3749 -0.0974
0.385 -0.0961
0.3954 -0.0947
0.4065 -0.0932
0.4184 -0.0917
0.4305 -0.0901
0.4426 -0.0883
0.455 -0.0866
0.4675 -0.0847
0.4801 -0.0827
0.493 -0.0807
0.5059 -0.0786
0.5191 -0.0765
0.5323 -0.0743
0.5458 -0.072
0.5594 -0.0698
0.5731 -0.0674
0.587 -0.0651
0.6011 -0.0627
0.6153 -0.0602
0.6296 -0.0578
0.6442 -0.0553
0.6588 -0.0528
0.6736 -0.0503
0.6886 -0.0478
0.7037 -0.0453
0.719 -0.0428
0.7344 -0.0403
0.7499 -0.0378
0.7656 -0.0354
0.7815 -0.0329
0.7974 -0.0304
0.8136 -0.0279
0.8298 -0.0255
0.8462 -0.0231
0.8627 -0.0206
0.8794 -0.0182
0.8962 -0.0158
0.9131 -0.0135
0.9301 -0.0111
0.9473 -0.0087
0.9646 -0.0064
0.982 -0.0041
0.9995 -0.0017
